0 0.208955 0.352649 0.047264 0.069536
0 0.271144 0.355132 0.047264 0.057947
0 0.309701 0.427152 0.049751 0.052980
0 0.093905 0.282285 0.058458 0.044702
0 0.156095 0.168874 0.033582 0.049669
0 0.101368 0.151490 0.043532 0.041391
0 0.137438 0.253311 0.041045 0.052980
0 0.118781 0.195364 0.053483 0.036424
0 0.083333 0.235099 0.049751 0.049669
0 0.062811 0.188742 0.053483 0.049669
0 0.208955 0.764901 0.059701 0.082781
0 0.210821 0.889073 0.068408 0.066225
0 0.235075 0.963576 0.062189 0.066225
0 0.296020 0.963576 0.039801 0.066225
0 0.364428 0.965232 0.059701 0.062914
0 0.422264 0.958609 0.055970 0.066225
0 0.455846 0.886589 0.055970 0.061258
0 0.384328 0.879967 0.037313 0.057947
0 0.327114 0.880795 0.059701 0.066225
0 0.307214 0.817881 0.062189 0.049669
0 0.378109 0.820364 0.049751 0.054636
0 0.435945 0.822848 0.046020 0.049669
0 0.462687 0.764073 0.037313 0.057947
0 0.666045 0.847682 0.289801 0.281457
0 0.683458 0.348510 0.292289 0.293046
0 0.927239 0.346854 0.128109 0.289735
0 0.916045 0.842715 0.155473 0.298013
0 0.064803 0.783113 0.124524 0.311258
0 0.016927 0.271092 0.033854 0.105459
