0 0.310038 0.318709 0.101652 0.107616
0 0.447903 0.340232 0.143583 0.107616
0 0.603558 0.354305 0.149936 0.119205
0 0.773825 0.352649 0.152478 0.132450
0 0.797332 0.496689 0.199492 0.165563
0 0.614358 0.496689 0.158831 0.115894
0 0.463787 0.486755 0.124524 0.129139
0 0.284625 0.474338 0.177891 0.144040
0 0.252224 0.631623 0.184244 0.160596
0 0.436468 0.675497 0.171537 0.165563
0 0.619441 0.677152 0.143583 0.135762
0 0.833545 0.693709 0.152478 0.178808
0 0.884371 0.884106 0.152478 0.185430
0 0.662008 0.884106 0.177891 0.211921
0 0.456163 0.879967 0.203304 0.220199
0 0.230623 0.877483 0.209657 0.215232
0 0.330368 0.089404 0.111817 0.135762
0 0.328463 0.217715 0.120712 0.094371
0 0.475222 0.217715 0.088945 0.110927
0 0.601652 0.230132 0.120712 0.102649
0 0.736976 0.230132 0.124524 0.119205
0 0.731893 0.096026 0.114358 0.149007
0 0.601652 0.081126 0.108005 0.152318
0 0.476493 0.079470 0.142313 0.149007
0 0.117535 0.177980 0.072427 0.124172
0 0.087675 0.340232 0.101652 0.173841
0 0.049555 0.514073 0.076239 0.173841
0 0.908513 0.081126 0.124524 0.152318
0 0.905337 0.202815 0.092757 0.107616
0 0.951715 0.304636 0.076239 0.096026
0 0.987929 0.426325 0.059720 0.107616
0 0.150572 0.060430 0.146125 0.110927
