1 0.350325 0.187086 0.260304 0.096026
4 0.218547 0.580298 0.122560 0.071192
4 0.336768 0.747517 0.070499 0.173841
4 0.488069 0.787252 0.108460 0.170530
4 0.716377 0.789735 0.113883 0.132450
4 0.866594 0.679636 0.110629 0.077815
4 0.904555 0.520695 0.056399 0.041391
4 0.782538 0.313742 0.072668 0.074503
4 0.670282 0.264073 0.043384 0.041391
4 0.038503 0.342715 0.092191 0.099338
4 0.115510 0.493377 0.061822 0.062914
4 0.372017 0.412252 0.119306 0.099338
4 0.298807 0.381623 0.081345 0.087748
4 0.173536 0.293046 0.054230 0.049669
4 0.263015 0.255795 0.081345 0.074503
