1 0.405660 0.804636 0.073113 0.281457
1 0.505307 0.870033 0.064858 0.240066
1 0.591392 0.918046 0.067217 0.193709
1 0.656250 0.957781 0.036557 0.140728
1 0.824292 0.942053 0.108491 0.135762
1 0.917453 0.945364 0.087264 0.115894
1 0.914505 0.820364 0.123821 0.140728
1 0.296580 0.706954 0.102594 0.251656
1 0.276533 0.907285 0.156840 0.198675
1 0.190448 0.948675 0.090802 0.122517
1 0.413325 0.465232 0.053066 0.082781
0 0.706958 0.435430 0.156840 0.264901
0 0.912146 0.563742 0.147406 0.240066
0 0.751179 0.752483 0.179245 0.293046
0 0.418042 0.274834 0.173349 0.248344
