1 0.352005 0.524834 0.027123 0.119205
1 0.384434 0.553808 0.021226 0.094371
1 0.419811 0.564570 0.033019 0.099338
1 0.456958 0.605960 0.053066 0.132450
1 0.501179 0.533113 0.070755 0.119205
1 0.527123 0.491722 0.035377 0.086093
1 0.423939 0.481788 0.076651 0.099338
1 0.450472 0.468543 0.047170 0.099338
1 0.437500 0.378311 0.037736 0.074503
1 0.420991 0.429636 0.035377 0.077815
1 0.539505 0.404801 0.041274 0.110927
1 0.565448 0.485927 0.041274 0.107616
1 0.577241 0.352649 0.029481 0.066225
1 0.555425 0.323675 0.033019 0.074503
1 0.502358 0.305464 0.044811 0.087748
1 0.522995 0.315397 0.020047 0.091060
1 0.538915 0.323675 0.023585 0.074503
