1 0.456958 0.469371 0.076651 0.173841
1 0.580778 0.605960 0.123821 0.281457
1 0.534788 0.791391 0.133255 0.149007
1 0.679245 0.744205 0.103774 0.226821
1 0.807193 0.865894 0.123821 0.231788
1 0.949292 0.835265 0.070755 0.160596
1 0.747052 0.475166 0.262972 0.367550
1 0.396226 0.352649 0.143868 0.198675
1 0.367925 0.392384 0.141509 0.235099
1 0.322524 0.456126 0.239387 0.240066
1 0.310731 0.717715 0.274764 0.256623
1 0.349057 0.889073 0.238208 0.129139
1 0.209316 0.178808 0.123821 0.215232
1 0.315448 0.200331 0.112028 0.149007
1 0.493514 0.268212 0.267689 0.427152
1 0.627358 0.481788 0.000000 0.000000
