1 0.603184 0.418874 0.088443 0.294702
1 0.728184 0.402318 0.114387 0.228477
1 0.844929 0.471026 0.088443 0.306291
1 0.483491 0.708609 0.127358 0.500000
1 0.589623 0.759934 0.033019 0.430464
1 0.691038 0.755795 0.117925 0.405629
1 0.784198 0.681291 0.108491 0.289735
1 0.117925 0.836921 0.198113 0.293046
1 0.239976 0.471026 0.135613 0.190397
1 0.315448 0.278146 0.114387 0.251656
1 0.445165 0.346854 0.109670 0.339404
1 0.554245 0.133278 0.150943 0.094371
1 0.321344 0.776490 0.204009 0.364238
1 0.778302 0.191225 0.108491 0.110927
1 0.660377 0.060430 0.191038 0.107616
1 0.274175 0.116722 0.239387 0.187086
1 0.082547 0.311258 0.068396 0.228477
1 0.031250 0.519868 0.053066 0.198675
1 0.107901 0.501656 0.076651 0.145695
1 0.096108 0.098510 0.100236 0.140728
