1 0.412736 0.462748 0.033019 0.190397
1 0.437500 0.475166 0.040094 0.165563
1 0.474646 0.460265 0.050708 0.195364
1 0.510024 0.461921 0.027123 0.198675
1 0.526533 0.480960 0.017689 0.193709
1 0.542453 0.487583 0.021226 0.190397
1 0.564269 0.497517 0.017689 0.144040
1 0.587854 0.491722 0.029481 0.165563
1 0.599646 0.638245 0.041274 0.120861
1 0.417453 0.704470 0.070755 0.087748
1 0.445165 0.704470 0.031840 0.120861
1 0.472877 0.673841 0.030660 0.165563
1 0.505307 0.722682 0.041274 0.140728
1 0.530660 0.751656 0.044811 0.132450
1 0.573113 0.756623 0.058962 0.132450
1 0.472877 0.354305 0.023585 0.066225
1 0.524764 0.338576 0.025943 0.057947
1 0.555425 0.325331 0.035377 0.074503
