0 0.448113 0.160596 0.096698 0.149007
0 0.887382 0.282285 0.102594 0.177152
0 0.776533 0.156457 0.100236 0.140728
0 0.871462 0.667219 0.117925 0.211921
0 0.701651 0.559603 0.139151 0.185430
0 0.458726 0.425497 0.082547 0.132450
0 0.642689 0.398179 0.115566 0.153974
0 0.772406 0.330298 0.084906 0.124172
0 0.574882 0.250828 0.126179 0.124172
0 0.625000 0.098510 0.108491 0.173841
0 0.517099 0.102649 0.123821 0.132450
0 0.359670 0.432947 0.068396 0.124172
0 0.369693 0.160596 0.088443 0.149007
0 0.521816 0.719371 0.114387 0.157285
0 0.645637 0.890728 0.102594 0.135762
0 0.514151 0.903146 0.113208 0.127483
0 0.809552 0.911424 0.135613 0.127483
0 0.932193 0.919702 0.069575 0.144040
0 0.754717 0.748344 0.108491 0.165563
0 0.651533 0.741722 0.090802 0.145695
0 0.587854 0.586093 0.112028 0.182119
0 0.475825 0.578642 0.112028 0.140728
0 0.533608 0.433775 0.050708 0.132450
0 0.423349 0.302980 0.094340 0.102649
0 0.682783 0.230960 0.082547 0.124172
0 0.846108 0.528146 0.086085 0.082781
0 0.285967 0.772351 0.114387 0.190397
0 0.402123 0.905629 0.153302 0.149007
0 0.359080 0.609272 0.102594 0.129139
0 0.418632 0.729305 0.068396 0.110927
0 0.287146 0.548841 0.088443 0.140728
0 0.184552 0.634106 0.159198 0.152318
0 0.133844 0.799669 0.140330 0.162252
0 0.073703 0.543046 0.114387 0.162252
0 0.201651 0.410596 0.106132 0.112583
0 0.101415 0.384106 0.094340 0.149007
0 0.194575 0.257450 0.132075 0.203642
0 0.257665 0.114238 0.100236 0.132450
0 0.109080 0.133278 0.145047 0.153974
