0 0.127358 0.922185 0.096698 0.099338
0 0.145047 0.793874 0.132075 0.124172
0 0.335495 0.787252 0.170991 0.120861
0 0.311321 0.893212 0.117925 0.091060
0 0.474057 0.896523 0.153302 0.107616
0 0.497642 0.793874 0.129717 0.074503
0 0.665094 0.760762 0.117925 0.091060
0 0.670991 0.911424 0.129717 0.087748
0 0.635613 0.671358 0.106132 0.071192
0 0.504717 0.673841 0.108491 0.082781
0 0.352594 0.668874 0.129717 0.099338
0 0.214033 0.675497 0.076651 0.086093
0 0.218750 0.586093 0.102594 0.115894
0 0.364976 0.588576 0.123821 0.071192
0 0.500000 0.573675 0.094340 0.091060
0 0.650943 0.588576 0.106132 0.094371
0 0.649175 0.500000 0.090802 0.049669
0 0.528302 0.504139 0.068396 0.057947
0 0.397406 0.500000 0.129717 0.082781
0 0.248231 0.505795 0.137972 0.094371
0 0.280660 0.439570 0.084906 0.071192
0 0.401533 0.427152 0.067217 0.079470
0 0.510613 0.439570 0.084906 0.054636
0 0.649175 0.449503 0.090802 0.057947
0 0.574292 0.396523 0.058962 0.041391
0 0.419222 0.377483 0.067217 0.062914
0 0.284788 0.377483 0.088443 0.052980
0 0.637382 0.344371 0.079009 0.046358
2 0.942807 0.414735 0.053066 0.061258
2 0.983491 0.495033 0.070755 0.082781
2 0.910377 0.497517 0.058962 0.071192
2 0.938090 0.543046 0.079009 0.052980
2 0.942217 0.623344 0.070755 0.074503
2 0.975236 0.711921 0.066038 0.069536
