0 0.653892 0.276490 0.079009 0.096026
0 0.604953 0.323675 0.058962 0.074503
0 0.655071 0.385762 0.076651 0.082781
0 0.615566 0.454470 0.103774 0.110927
0 0.659788 0.526490 0.079009 0.082781
0 0.537736 0.527318 0.070755 0.057947
0 0.485849 0.411424 0.084906 0.074503
0 0.534198 0.388245 0.082547 0.110927
0 0.434552 0.322020 0.053066 0.054636
0 0.384434 0.423841 0.094340 0.082781
0 0.419811 0.497517 0.117925 0.124172
0 0.416274 0.568709 0.070755 0.091060
0 0.311910 0.731788 0.090802 0.145695
0 0.403302 0.806291 0.108491 0.129139
0 0.379717 0.952815 0.084906 0.114238
0 0.580189 0.730132 0.096698 0.099338
0 0.590212 0.841887 0.112028 0.091060
0 0.616745 0.922185 0.106132 0.096026
0 0.688090 0.851821 0.076651 0.094371
0 0.722877 0.945364 0.094340 0.099338
0 0.471108 0.818709 0.062500 0.094371
0 0.485849 0.657285 0.073113 0.119205
0 0.410377 0.683775 0.141509 0.099338
0 0.600825 0.610099 0.067217 0.074503
0 0.633255 0.709437 0.103774 0.091060
0 0.292453 0.580298 0.082547 0.107616
0 0.313090 0.483444 0.076651 0.102649
0 0.298349 0.963576 0.070755 0.069536
0 0.273585 0.851821 0.091981 0.137417
0 0.471108 0.955298 0.067217 0.069536
0 0.864387 0.941225 0.082547 0.107616
0 0.842571 0.798013 0.079009 0.135762
0 0.923939 0.865894 0.064858 0.099338
0 0.988797 0.939570 0.053066 0.087748
0 0.911557 0.748344 0.070755 0.112583
0 0.837854 0.675497 0.088443 0.115894
0 0.842571 0.578642 0.074292 0.144040
0 0.902712 0.526490 0.053066 0.132450
0 0.932193 0.410596 0.064858 0.099338
0 0.860259 0.338576 0.062500 0.110927
0 0.860259 0.432119 0.050708 0.099338
0 0.806014 0.458609 0.076651 0.086093
0 0.811910 0.359272 0.053066 0.079470
0 0.777712 0.255795 0.067217 0.094371
0 0.854363 0.232616 0.038915 0.107616
0 0.923349 0.262417 0.047170 0.140728
0 0.979363 0.551325 0.034198 0.122517
0 0.092571 0.821192 0.100236 0.115894
0 0.065448 0.934603 0.116745 0.144040
0 0.137972 0.671358 0.103774 0.124172
0 0.062500 0.735927 0.094340 0.120861
0 0.039505 0.629967 0.064858 0.107616
0 0.160377 0.566225 0.070755 0.102649
0 0.083137 0.477649 0.076651 0.091060
0 0.129127 0.423841 0.062500 0.082781
0 0.149764 0.327815 0.061321 0.099338
0 0.204009 0.257450 0.082547 0.107616
0 0.207547 0.404801 0.058962 0.071192
0 0.787736 0.057119 0.058962 0.061258
0 0.712854 0.046358 0.050708 0.066225
0 0.736439 0.100166 0.074292 0.074503
0 0.677476 0.110927 0.079009 0.069536
0 0.584906 0.105132 0.070755 0.057947
0 0.829599 0.123344 0.064858 0.054636
0 0.936910 0.112583 0.055425 0.066225
0 0.862028 0.083609 0.058962 0.057947
0 0.458137 0.090232 0.064858 0.054636
0 0.453420 0.038079 0.097877 0.066225
0 0.282429 0.050497 0.097877 0.057947
0 0.191038 0.063742 0.084906 0.074503
0 0.096698 0.115066 0.080189 0.061258
0 0.381486 0.120861 0.053066 0.066225
0 0.274764 0.134106 0.082547 0.082781
0 0.202830 0.121689 0.084906 0.057947
0 0.089033 0.048841 0.064858 0.061258
