0 0.130303 0.773179 0.064242 0.135762
0 0.161818 0.706954 0.066667 0.112583
0 0.206061 0.814570 0.050909 0.079470
2 0.818182 0.508278 0.033939 0.046358
2 0.867879 0.520695 0.048485 0.061258
2 0.844242 0.475166 0.030303 0.046358
0 0.823030 0.748344 0.096970 0.135762
0 0.768485 0.657285 0.096970 0.079470
0 0.204848 0.680464 0.060606 0.066225
0 0.290909 0.621689 0.038788 0.041391
0 0.222424 0.605132 0.042424 0.074503
0 0.249697 0.581126 0.048485 0.049669
0 0.254545 0.704470 0.050909 0.074503
0 0.267879 0.649007 0.036364 0.052980
0 0.224242 0.748344 0.038788 0.062914
0 0.309091 0.555464 0.033939 0.041391
0 0.301212 0.596854 0.042424 0.057947
0 0.262424 0.552152 0.042424 0.057947
0 0.439394 0.827815 0.100606 0.115894
0 0.534545 0.863411 0.096970 0.127483
0 0.572727 0.457781 0.129697 0.071192
0 0.375758 0.492550 0.130909 0.091060
0 0.436364 0.745861 0.038788 0.057947
0 0.455758 0.696192 0.055758 0.057947
0 0.458788 0.652318 0.061818 0.052980
0 0.460606 0.615066 0.046061 0.054636
0 0.458788 0.557119 0.030303 0.061258
