1 0.396364 0.912252 0.050909 0.086093
1 0.353939 0.903974 0.033939 0.086093
1 0.305455 0.924669 0.026667 0.077815
1 0.532727 0.792219 0.044848 0.120861
1 0.498182 0.810430 0.024242 0.157285
1 0.315758 0.819536 0.090909 0.033113
1 0.256970 0.930464 0.050909 0.082781
1 0.141818 0.862583 0.063030 0.185430
1 0.209697 0.922185 0.048485 0.082781
1 0.198182 0.966060 0.042424 0.044702
1 0.252727 0.865066 0.030303 0.091060
1 0.229697 0.873344 0.032727 0.074503
1 0.649091 0.725993 0.042424 0.077815
1 0.638788 0.810430 0.075152 0.124172
1 0.686061 0.928808 0.048485 0.069536
1 0.640000 0.951987 0.048485 0.066225
1 0.579394 0.937086 0.060606 0.052980
1 0.511515 0.957781 0.070303 0.054636
1 0.440606 0.926325 0.030303 0.074503
