3 0.415758 0.801325 0.472727 0.281457
3 0.442424 0.576159 0.363636 0.162252
3 0.501818 0.456126 0.329697 0.087748
3 0.504848 0.356788 0.233939 0.077815
3 0.513939 0.302980 0.135758 0.052980
3 0.563636 0.274007 0.218182 0.054636
3 0.586667 0.158113 0.147879 0.220199
3 0.862424 0.813742 0.282424 0.206954
3 0.860606 0.596854 0.254545 0.160596
3 0.842424 0.445364 0.290909 0.115894
3 0.859394 0.369205 0.240000 0.046358
3 0.846061 0.307119 0.278788 0.127483
3 0.844242 0.203642 0.221818 0.152318
3 0.806667 0.093543 0.163636 0.107616
3 0.033939 0.793874 0.109091 0.240066
3 0.074545 0.596854 0.202424 0.193709
3 0.103030 0.475166 0.206061 0.165563
3 0.156364 0.391556 0.244848 0.157285
3 0.204848 0.325331 0.227879 0.124172
3 0.250303 0.265728 0.221818 0.110927
3 0.286667 0.213576 0.197576 0.099338
3 0.332121 0.209437 0.135758 0.107616
3 0.352121 0.172185 0.151515 0.099338
3 0.382424 0.144040 0.115152 0.082781
3 0.436364 0.126656 0.096970 0.057947
