3 0.511002 0.514901 0.254279 0.311258
3 0.784230 0.456954 0.250611 0.235099
3 0.240220 0.661424 0.201711 0.157285
3 0.538509 0.756623 0.179707 0.165563
3 0.776895 0.674669 0.187042 0.140728
3 0.764670 0.823675 0.211491 0.124172
3 0.569071 0.894040 0.167482 0.132450
3 0.355134 0.908113 0.179707 0.110927
3 0.253667 0.818709 0.143032 0.107616
3 0.142421 0.924669 0.140587 0.110927
3 0.056846 0.761589 0.091687 0.182119
3 0.927873 0.703642 0.122249 0.182119
3 0.824572 0.226821 0.091687 0.149007
3 0.729829 0.233444 0.085575 0.162252
3 0.070905 0.596026 0.107579 0.115894
3 0.243276 0.519040 0.146699 0.094371
3 0.362469 0.750828 0.091687 0.094371
