0 0.475236 0.399834 0.025943 0.057947
0 0.488208 0.461093 0.011792 0.091060
0 0.316038 0.484272 0.108491 0.104305
0 0.466392 0.586093 0.050708 0.082781
0 0.477005 0.670530 0.064858 0.086093
0 0.538325 0.676325 0.064858 0.091060
0 0.619693 0.732616 0.074292 0.087748
0 0.727594 0.620861 0.106132 0.112583
0 0.635613 0.517384 0.165094 0.210265
0 0.575472 0.532285 0.174528 0.240066
0 0.257075 0.571192 0.221698 0.278146
0 0.160967 0.754967 0.182783 0.149007
0 0.364976 0.943709 0.053066 0.062914
0 0.625590 0.877483 0.204009 0.079470
0 0.408608 0.802980 0.194575 0.112583
0 0.177476 0.302152 0.192217 0.094371
0 0.433962 0.287252 0.238208 0.140728
0 0.260024 0.415563 0.244104 0.115894
0 0.084906 0.564570 0.094340 0.215232
0 0.875000 0.532285 0.153302 0.223510
0 0.879127 0.863411 0.196934 0.173841
0 0.882075 0.759934 0.162736 0.149007
0 0.727005 0.440397 0.064858 0.182119
0 0.622642 0.326987 0.084906 0.110927
0 0.450472 0.572848 0.094340 0.066225
0 0.693396 0.316225 0.037736 0.049669
0 0.656840 0.252483 0.047170 0.061258
0 0.060731 0.289735 0.053066 0.052980
0 0.550708 0.380795 0.058962 0.062914
0 0.749410 0.339404 0.067217 0.079470
0 0.802476 0.322848 0.031840 0.069536
