0 0.486145 0.387417 0.066265 0.066225
0 0.551205 0.441225 0.056627 0.074503
0 0.632530 0.475166 0.045783 0.082781
0 0.701807 0.526490 0.056627 0.079470
0 0.786145 0.577815 0.080723 0.049669
0 0.882530 0.642384 0.063855 0.096026
0 0.858434 0.663079 0.075904 0.120861
0 0.343373 0.673013 0.624096 0.488411
0 0.637349 0.605132 0.397590 0.375828
0 0.804217 0.447848 0.365060 0.309603
0 0.227711 0.184603 0.289157 0.173841
0 0.416867 0.139073 0.385542 0.149007
0 0.085542 0.311258 0.132530 0.152318
0 0.158434 0.379139 0.006024 0.000000
0 0.210843 0.395695 0.086747 0.066225
0 0.934940 0.254967 0.137349 0.099338
0 0.858434 0.067053 0.148193 0.104305
