4 0.236747 0.562914 0.126506 0.066225
4 0.406024 0.644040 0.096386 0.052980
4 0.334940 0.489238 0.069880 0.057947
4 0.422289 0.279801 0.068675 0.119205
4 0.560843 0.176325 0.068675 0.120861
4 0.689157 0.265728 0.108434 0.091060
4 0.660241 0.492550 0.062651 0.074503
4 0.674096 0.658113 0.066265 0.041391
3 0.435542 0.826159 0.222892 0.086093
3 0.584940 0.849338 0.044578 0.049669
3 0.877108 0.269868 0.062651 0.165563
3 0.901205 0.478477 0.045783 0.145695
3 0.666265 0.811258 0.134940 0.066225
3 0.205422 0.714404 0.092771 0.087748
