3 0.474699 0.549669 0.267470 0.284768
3 0.274096 0.646523 0.234940 0.289735
3 0.104217 0.766556 0.148193 0.215232
3 0.874699 0.243377 0.231325 0.268212
3 0.737952 0.349338 0.114458 0.198675
3 0.674699 0.444536 0.132530 0.223510
3 0.599398 0.538907 0.114458 0.190397
3 0.537952 0.324503 0.128916 0.149007
3 0.689759 0.220199 0.198795 0.132450
3 0.494578 0.073675 0.210843 0.170530
3 0.263855 0.153974 0.190361 0.231788
3 0.300000 0.367550 0.226506 0.235099
3 0.849398 0.473510 0.281928 0.132450
3 0.766867 0.607616 0.189157 0.145695
3 0.708434 0.686258 0.204819 0.160596
3 0.619277 0.716887 0.159036 0.132450
3 0.553012 0.793874 0.207229 0.144040
3 0.487952 0.847682 0.192771 0.135762
3 0.421687 0.878311 0.180723 0.157285
3 0.322892 0.924669 0.180723 0.124172
3 0.111446 0.500000 0.174699 0.394040
3 0.146386 0.458609 0.153012 0.284768
3 0.101205 0.265728 0.130120 0.124172
3 0.679518 0.949503 0.118072 0.091060
3 0.757831 0.918046 0.202410 0.127483
3 0.839157 0.857616 0.237349 0.149007
3 0.885542 0.826987 0.216867 0.187086
3 0.926506 0.752483 0.159036 0.153974
