0 0.234080 0.708955 0.147406 0.190713
0 0.461085 0.808458 0.200472 0.257048
0 0.715212 0.806799 0.206368 0.220564
0 0.819575 0.917081 0.002358 0.000000
0 0.878538 0.325871 0.191038 0.253731
0 0.968160 0.630182 0.129717 0.232172
0 0.797170 0.514925 0.141509 0.157546
0 0.691038 0.327529 0.070755 0.157546
0 0.327241 0.324212 0.156840 0.190713
0 0.324292 0.553897 0.139151 0.202322
0 0.191627 0.410448 0.062500 0.107794
0 0.238797 0.259536 0.067217 0.121061
0 0.511203 0.257877 0.123821 0.074627
0 0.462854 0.342454 0.114387 0.121061
0 0.405660 0.402985 0.000000 0.000000
0 0.558373 0.340796 0.123821 0.091211
