0 0.422759 0.300995 0.135613 0.127695
0 0.566038 0.456053 0.103774 0.132670
0 0.485259 0.593698 0.088443 0.116086
0 0.644458 0.622720 0.088443 0.091211
0 0.804835 0.686567 0.090802 0.162521
0 0.594340 0.788557 0.106132 0.140962
0 0.433373 0.918740 0.102594 0.119403
0 0.259434 0.713930 0.061321 0.091211
0 0.173939 0.707297 0.102594 0.160862
0 0.377358 0.620232 0.115566 0.119403
0 0.284198 0.448590 0.129717 0.174129
0 0.209316 0.553897 0.121462 0.086235
0 0.095519 0.519071 0.106132 0.132670
0 0.190448 0.408789 0.123821 0.177446
0 0.239976 0.303483 0.159198 0.132670
0 0.132665 0.219735 0.090802 0.140962
0 0.078420 0.344113 0.112028 0.157546
0 0.364387 0.103648 0.047170 0.140962
0 0.510024 0.147595 0.109670 0.102819
0 0.630896 0.216418 0.091981 0.124378
0 0.554245 0.300995 0.091981 0.144279
0 0.719340 0.363184 0.096698 0.135987
0 0.778302 0.255390 0.103774 0.179104
0 0.844340 0.321725 0.058962 0.169154
0 0.906250 0.172471 0.088443 0.179104
0 0.777123 0.060531 0.082547 0.127695
0 0.726415 0.160033 0.106132 0.170813
0 0.614976 0.058043 0.088443 0.082919
0 0.530660 0.041459 0.096698 0.082919
0 0.465802 0.031509 0.044811 0.063018
0 0.402712 0.015755 0.045991 0.061360
0 0.277123 0.058872 0.061321 0.041459
0 0.275943 0.023217 0.051887 0.053068
0 0.173939 0.077114 0.121462 0.121061
0 0.069575 0.145937 0.058962 0.132670
0 0.020047 0.152570 0.063679 0.119403
0 0.256486 0.164179 0.097877 0.102819
0 0.933373 0.912106 0.076651 0.165837
0 0.885613 0.734660 0.082547 0.165837
0 0.977594 0.746269 0.094340 0.149254
0 0.954009 0.639303 0.094340 0.124378
0 0.918042 0.514096 0.112028 0.132670
0 0.822524 0.566335 0.062500 0.127695
0 0.769458 0.806799 0.102594 0.121061
0 0.689858 0.815091 0.056604 0.154229
0 0.723467 0.933665 0.088443 0.066335
0 0.617925 0.961857 0.110849 0.072968
0 0.866745 0.917081 0.061321 0.099502
0 0.309552 0.885572 0.109670 0.145937
0 0.203420 0.877280 0.086085 0.129353
0 0.107901 0.877280 0.112028 0.129353
0 0.123821 0.964345 0.080189 0.061360
0 0.219929 0.975954 0.100236 0.077944
0 0.371462 0.738806 0.084906 0.137645
0 0.597288 0.571310 0.053066 0.107794
0 0.657429 0.475954 0.090802 0.082919
0 0.606132 0.343284 0.047170 0.132670
