1 0.109005 0.310116 0.118483 0.232172
1 0.276659 0.269486 0.103081 0.339967
1 0.450237 0.194859 0.118483 0.257048
1 0.523697 0.281924 0.201422 0.281924
1 0.655806 0.252073 0.174171 0.265340
1 0.737559 0.247927 0.159953 0.190713
1 0.815758 0.223881 0.098341 0.199005
1 0.392180 0.617745 0.139810 0.240464
1 0.514810 0.706468 0.088863 0.262023
1 0.734005 0.669154 0.148104 0.260365
1 0.876185 0.882255 0.195498 0.199005
1 0.694313 0.899668 0.168246 0.140962
1 0.486967 0.873964 0.281991 0.165837
1 0.188981 0.555556 0.242891 0.248756
1 0.155213 0.729685 0.293839 0.182421
1 0.193720 0.919569 0.292654 0.124378
