1 0.424713 0.346477 0.143678 0.256711
1 0.471264 0.388423 0.114943 0.280201
1 0.516667 0.411913 0.040230 0.276846
1 0.566092 0.436242 0.005747 0.369128
1 0.636207 0.369966 0.106897 0.394295
1 0.580460 0.420302 0.103448 0.327181
1 0.699425 0.348154 0.141379 0.343960
1 0.739655 0.318792 0.122989 0.302013
1 0.771264 0.227349 0.186207 0.243289
1 0.368966 0.532718 0.140230 0.159396
1 0.317241 0.598154 0.128736 0.229866
1 0.271264 0.629195 0.124138 0.234899
1 0.426437 0.666946 0.078161 0.058725
1 0.374713 0.729866 0.082759 0.067114
1 0.339080 0.757550 0.091954 0.078859
1 0.084483 0.694631 0.060920 0.271812
1 0.113218 0.686242 0.026437 0.271812
1 0.185057 0.575503 0.059770 0.167785
1 0.159195 0.635906 0.083908 0.164430
1 0.123563 0.648490 0.097701 0.213087
