0 0.423433 0.622517 0.217883 0.298013
0 0.789825 0.743377 0.292909 0.410596
0 0.820144 0.480960 0.256937 0.206954
0 0.258993 0.589404 0.104830 0.165563
0 0.471223 0.415563 0.159301 0.198675
0 0.455293 0.255795 0.143885 0.137417
0 0.860226 0.234272 0.156218 0.226821
0 0.639260 0.359272 0.193217 0.294702
0 0.406989 0.875000 0.164440 0.173841
0 0.614594 0.944536 0.133607 0.140728
0 0.601747 0.814570 0.128469 0.145695
0 0.276978 0.799669 0.192189 0.241722
0 0.115108 0.727649 0.131552 0.187086
0 0.150051 0.520695 0.092497 0.170530
0 0.094553 0.433775 0.125385 0.211921
0 0.296506 0.396523 0.149024 0.193709
0 0.046763 0.586921 0.066804 0.160596
