1 0.742839 0.468983 0.123698 0.171216
1 0.792318 0.497519 0.092448 0.258065
1 0.851562 0.467742 0.026042 0.173697
1 0.883464 0.516129 0.098958 0.270471
1 0.872070 0.773573 0.063151 0.194789
1 0.923503 0.769851 0.029297 0.177419
1 0.972331 0.773573 0.048828 0.202233
1 0.732747 0.295285 0.113932 0.176179
1 0.778320 0.325062 0.074870 0.173697
1 0.825521 0.312655 0.045573 0.136476
1 0.884440 0.334988 0.029297 0.186104
2 0.052734 0.629653 0.104167 0.179901
2 0.152669 0.517990 0.115234 0.142680
2 0.168945 0.677419 0.128255 0.126551
2 0.247721 0.575062 0.094401 0.127792
2 0.325195 0.505583 0.093099 0.105459
2 0.449544 0.475806 0.094401 0.115385
2 0.383138 0.365385 0.113932 0.130273
2 0.290365 0.400124 0.071615 0.068238
2 0.444010 0.388958 0.037760 0.053350
2 0.470052 0.303350 0.092448 0.155087
2 0.552409 0.316377 0.074870 0.086849
2 0.605143 0.263027 0.063151 0.136476
2 0.512370 0.220223 0.092448 0.068238
2 0.574219 0.157568 0.083333 0.086849
2 0.641927 0.178040 0.084635 0.090571
2 0.611654 0.075682 0.073568 0.126551
2 0.688802 0.135856 0.065104 0.117866
2 0.763672 0.072581 0.084635 0.070720
2 0.716797 0.050868 0.084635 0.052109
2 0.843424 0.055211 0.068359 0.080645
0 0.129883 0.396402 0.073568 0.080645
0 0.226562 0.317618 0.045573 0.114144
0 0.125000 0.288462 0.089844 0.080645
0 0.076172 0.392060 0.044271 0.071960
0 0.191732 0.381514 0.041016 0.068238
0 0.064128 0.267990 0.022786 0.059553
0 0.055013 0.357940 0.043620 0.065757
0 0.195638 0.246278 0.074870 0.070720
0 0.268229 0.197891 0.070312 0.080645
0 0.350260 0.236973 0.078125 0.084367
0 0.267253 0.267990 0.068359 0.071960
0 0.194987 0.196650 0.089193 0.070720
0 0.295898 0.086228 0.069661 0.080645
0 0.369141 0.123449 0.059896 0.055831
0 0.376628 0.086228 0.055339 0.050868
0 0.473307 0.089330 0.076823 0.099256
0 0.510742 0.022953 0.067057 0.028536
