1 0.364258 0.555211 0.074870 0.083127
1 0.364909 0.479529 0.069661 0.105459
1 0.406250 0.431141 0.058594 0.058313
1 0.426758 0.471464 0.093099 0.089330
1 0.455404 0.483871 0.081380 0.109181
1 0.495117 0.498139 0.073568 0.043424
1 0.508789 0.455955 0.107422 0.090571
1 0.601888 0.649504 0.068359 0.080645
1 0.567708 0.640199 0.104167 0.074442
1 0.533203 0.616005 0.078125 0.117866
1 0.485352 0.657568 0.060547 0.084367
1 0.470703 0.650124 0.072917 0.086849
1 0.451172 0.700993 0.059896 0.059553
1 0.454427 0.746278 0.072917 0.068238
1 0.473958 0.307072 0.040365 0.065757
1 0.468424 0.300868 0.061849 0.177419
1 0.421875 0.274194 0.063802 0.074442
1 0.418620 0.288462 0.072917 0.107940
1 0.381185 0.280397 0.041016 0.049628
1 0.385417 0.308933 0.045573 0.062035
