4 0.452148 0.468983 0.054036 0.101737
4 0.536133 0.430521 0.081380 0.111663
4 0.461914 0.332506 0.073568 0.133995
4 0.413737 0.379032 0.061849 0.083127
4 0.366862 0.245658 0.061849 0.047146
4 0.318034 0.228908 0.068359 0.068238
4 0.291016 0.318238 0.059896 0.105459
4 0.183594 0.351117 0.072917 0.096774
4 0.142904 0.247519 0.086589 0.068238
4 0.172201 0.160670 0.063151 0.093052
4 0.165690 0.099876 0.054036 0.102978
4 0.261068 0.118486 0.136719 0.132754
4 0.076172 0.087469 0.122396 0.095533
4 0.317708 0.123449 0.078125 0.105459
4 0.422852 0.099876 0.099609 0.065757
4 0.442383 0.194789 0.054036 0.074442
4 0.545573 0.214640 0.097656 0.109181
4 0.537435 0.081266 0.146484 0.132754
4 0.440755 0.019231 0.125000 0.008685
4 0.347331 0.035360 0.074870 0.120347
4 0.685547 0.102978 0.045573 0.089330
4 0.764648 0.096774 0.054036 0.052109
4 0.646810 0.031638 0.048828 0.083127
4 0.976237 0.354839 0.001953 0.000000
4 0.869466 0.487593 0.087891 0.086849
4 0.780924 0.399504 0.112630 0.096774
4 0.786458 0.468983 0.065104 0.124069
4 0.755859 0.543424 0.071615 0.086849
4 0.631836 0.452233 0.048828 0.115385
4 0.668620 0.387097 0.096354 0.034739
4 0.657878 0.261166 0.081380 0.080645
4 0.792318 0.256824 0.092448 0.101737
4 0.888997 0.204094 0.087891 0.070720
4 0.946940 0.300248 0.080078 0.089330
4 0.958984 0.230769 0.080729 0.074442
4 0.905599 0.092432 0.065104 0.083127
4 0.789714 0.036600 0.078125 0.070720
4 0.935547 0.655087 0.125000 0.111663
4 0.942708 0.725186 0.078125 0.102978
4 0.719076 0.669355 0.073568 0.095533
4 0.681641 0.586849 0.076823 0.111663
4 0.626953 0.606079 0.052083 0.068238
4 0.655599 0.653846 0.040365 0.089330
4 0.606771 0.514268 0.076823 0.058313
4 0.547201 0.596154 0.055339 0.080645
4 0.508138 0.667494 0.055339 0.124069
4 0.497721 0.737593 0.095703 0.058313
4 0.568359 0.773573 0.078125 0.068238
4 0.662109 0.776675 0.057292 0.062035
4 0.738607 0.797767 0.063151 0.062035
4 0.813477 0.765509 0.060547 0.084367
4 0.832031 0.878412 0.078125 0.136476
4 0.953451 0.867866 0.073568 0.053350
4 0.900716 0.966501 0.035807 0.059553
4 0.696289 0.885236 0.054036 0.093052
4 0.702799 0.953474 0.076172 0.080645
4 0.570964 0.900124 0.096354 0.080645
4 0.615560 0.972705 0.081380 0.052109
4 0.579753 0.942308 0.152995 0.008685
4 0.435221 0.824442 0.081380 0.102978
4 0.362630 0.703474 0.063802 0.064516
4 0.430990 0.616625 0.046875 0.064516
4 0.363607 0.574442 0.055339 0.062035
4 0.359375 0.444169 0.024740 0.074442
4 0.308919 0.492556 0.050130 0.076923
4 0.237305 0.468983 0.054036 0.074442
4 0.231771 0.568238 0.065104 0.086849
4 0.151042 0.545285 0.066406 0.053350
4 0.069661 0.529777 0.079427 0.059553
4 0.068034 0.418114 0.054036 0.089330
4 0.014974 0.470844 0.029948 0.078164
4 0.078451 0.289702 0.061849 0.105459
4 0.225586 0.650744 0.073568 0.115385
4 0.308268 0.618486 0.086589 0.068238
4 0.269531 0.763648 0.040365 0.080645
4 0.346029 0.812035 0.093099 0.065757
4 0.272135 0.861663 0.071615 0.070720
4 0.203776 0.812035 0.091146 0.065757
4 0.171875 0.722084 0.070312 0.089330
4 0.071615 0.789082 0.091146 0.062035
4 0.036784 0.689206 0.069661 0.055831
4 0.062174 0.602978 0.074870 0.037221
4 0.092122 0.937965 0.073568 0.099256
4 0.028646 0.934864 0.057292 0.093052
4 0.169596 0.883375 0.067057 0.052109
4 0.253581 0.943548 0.057943 0.055831
4 0.364258 0.926799 0.110026 0.064516
4 0.452148 0.957816 0.074870 0.052109
4 0.517578 0.970223 0.071615 0.034739
4 0.573568 0.949752 0.007812 0.006203
