1 0.179688 0.241315 0.037760 0.117866
1 0.225260 0.233251 0.024740 0.121588
1 0.256185 0.236352 0.017578 0.120347
1 0.295247 0.239454 0.024089 0.133995
1 0.348307 0.233251 0.078125 0.121588
1 0.414062 0.233251 0.072917 0.126551
1 0.473307 0.228288 0.097656 0.136476
1 0.532227 0.222084 0.094401 0.099256
1 0.591471 0.213400 0.050130 0.086849
1 0.627930 0.205335 0.059245 0.090571
1 0.694661 0.211538 0.052083 0.078164
1 0.754232 0.228908 0.043620 0.093052
1 0.614258 0.101117 0.056641 0.093052
1 0.557292 0.102978 0.070312 0.126551
1 0.500977 0.081266 0.055339 0.102978
1 0.456380 0.106079 0.053385 0.120347
1 0.388021 0.078164 0.059896 0.096774
1 0.343099 0.076303 0.032552 0.093052
1 0.299479 0.093672 0.039062 0.070720
1 0.272461 0.125931 0.037109 0.093052
1 0.232747 0.109181 0.029297 0.084367
1 0.207357 0.130893 0.027995 0.078164
1 0.178060 0.137097 0.024089 0.078164
1 0.142253 0.142060 0.030599 0.055831
1 0.646159 0.068859 0.022786 0.065757
1 0.671224 0.071960 0.011719 0.096774
1 0.704753 0.091811 0.042318 0.074442
1 0.737305 0.109181 0.042318 0.076923
1 0.696615 0.143300 0.058594 0.045906
