1 0.517253 0.898883 0.125651 0.093052
1 0.711589 0.808313 0.169271 0.130273
1 0.706706 0.935484 0.152995 0.086849
1 0.713216 0.543424 0.094401 0.282878
1 0.626302 0.453474 0.031250 0.083127
1 0.604492 0.480149 0.035807 0.074442
1 0.689779 0.448511 0.076172 0.105459
1 0.697917 0.372829 0.040365 0.045906
1 0.633789 0.403846 0.061849 0.040943
1 0.580729 0.385236 0.040365 0.021092
1 0.543294 0.430521 0.011068 0.037221
1 0.575846 0.428660 0.069661 0.045906
1 0.808594 0.262407 0.007812 0.167494
1 0.792318 0.295285 0.059896 0.089330
1 0.696289 0.267370 0.017578 0.095533
1 0.652995 0.289082 0.039062 0.059553
1 0.601888 0.254963 0.030599 0.065757
1 0.631185 0.299628 0.089193 0.006203
1 0.742513 0.310794 0.048828 0.102978
1 0.804362 0.334367 0.009766 0.055831
1 0.845378 0.287221 0.029297 0.130273
1 0.869466 0.331266 0.009766 0.074442
1 0.828776 0.102978 0.039062 0.059553
1 0.803711 0.095533 0.076172 0.124069
1 0.799805 0.137097 0.074870 0.053350
1 0.670898 0.087469 0.003255 0.095533
1 0.712565 0.114144 0.080078 0.012407
1 0.779297 0.093672 0.066406 0.021092
1 0.256836 0.397643 0.082682 0.102978
1 0.274740 0.415012 0.031250 0.068238
1 0.195638 0.394541 0.022786 0.114144
1 0.201497 0.385236 0.037109 0.058313
1 0.208984 0.425558 0.006510 0.071960
1 0.228516 0.487593 0.065104 0.039702
1 0.263346 0.461538 0.001953 0.062035
1 0.243815 0.465881 0.037109 0.053350
1 0.208008 0.447270 0.011068 0.065757
1 0.188477 0.462779 0.027995 0.052109
1 0.308919 0.356079 0.021484 0.062035
1 0.331706 0.338710 0.017578 0.064516
1 0.353516 0.332506 0.006510 0.089330
1 0.370768 0.336849 0.021484 0.068238
1 0.379557 0.338710 0.006510 0.076923
1 0.360352 0.374690 0.022786 0.049628
1 0.325195 0.333747 0.004557 0.086849
1 0.313802 0.303350 0.005208 0.018610
1 0.333333 0.318238 0.018229 0.068238
1 0.330078 0.374069 0.037760 0.031017
1 0.352865 0.405087 0.005208 0.031017
1 0.368164 0.394541 0.009766 0.034739
