0 0.133138 0.241935 0.100911 0.158809
0 0.134766 0.406328 0.097656 0.157568
0 0.128581 0.553970 0.094401 0.167494
0 0.138997 0.722705 0.093099 0.127792
0 0.334961 0.685484 0.100911 0.157568
0 0.317383 0.519231 0.107422 0.142680
0 0.338542 0.334988 0.078125 0.121588
0 0.542643 0.423697 0.095703 0.080645
0 0.466797 0.397022 0.026042 0.059553
0 0.531901 0.575682 0.097656 0.198511
0 0.458659 0.739454 0.126953 0.148883
0 0.690104 0.564516 0.110677 0.151365
0 0.773112 0.527295 0.074870 0.133995
0 0.688477 0.415633 0.100911 0.151365
0 0.742188 0.288462 0.097656 0.095533
0 0.868164 0.297767 0.095703 0.126551
0 0.884440 0.619107 0.082682 0.148883
0 0.811198 0.759926 0.089844 0.157568
0 0.721680 0.744417 0.067057 0.163772
