0 0.241423 0.362583 0.040661 0.069536
0 0.212834 0.447020 0.059720 0.066225
0 0.252224 0.234272 0.044473 0.071192
0 0.279543 0.300497 0.048285 0.054636
0 0.184244 0.232616 0.060991 0.057947
0 0.153748 0.302152 0.050826 0.074503
0 0.098475 0.325331 0.054638 0.077815
0 0.152478 0.375000 0.035578 0.028146
0 0.163914 0.431291 0.038119 0.057947
2 0.430114 0.685430 0.247776 0.410596
2 0.125159 0.782285 0.196950 0.322848
2 0.589581 0.511589 0.203304 0.377483
2 0.368488 0.172185 0.111817 0.211921
1 0.770013 0.292219 0.127065 0.153974
1 0.916773 0.375000 0.120712 0.220199
