0 0.416137 0.443709 0.148666 0.102649
0 0.538119 0.538907 0.133418 0.144040
0 0.692503 0.423013 0.099111 0.104305
0 0.524142 0.301325 0.118170 0.115894
0 0.360229 0.272351 0.146125 0.124172
0 0.414231 0.133278 0.152478 0.110927
0 0.560991 0.147351 0.095299 0.099338
0 0.711563 0.261589 0.137230 0.119205
0 0.856417 0.232616 0.114358 0.127483
0 0.860864 0.360927 0.118170 0.152318
0 0.847522 0.533113 0.170267 0.165563
0 0.717916 0.664735 0.137230 0.157285
0 0.534943 0.743377 0.216010 0.165563
0 0.368488 0.599338 0.137230 0.149007
0 0.293520 0.751656 0.152478 0.165563
0 0.139771 0.682119 0.167726 0.182119
0 0.193774 0.538907 0.181703 0.153974
0 0.259212 0.392384 0.139771 0.115894
0 0.245235 0.172185 0.116900 0.149007
0 0.278907 0.058775 0.108005 0.110927
0 0.108640 0.096026 0.181703 0.135762
0 0.095238 0.250828 0.176871 0.157285
0 0.076190 0.425497 0.119728 0.165563
0 0.040136 0.596854 0.074830 0.153974
0 0.470748 0.039735 0.160544 0.066225
0 0.632653 0.071192 0.122449 0.112583
0 0.571429 0.006623 0.000000 0.000000
0 0.790476 0.133278 0.111565 0.127483
