4 0.484670 0.744205 0.165094 0.170530
4 0.252948 0.706954 0.180425 0.145695
4 0.087854 0.663079 0.114387 0.107616
4 0.636203 0.562086 0.279481 0.210265
4 0.616745 0.378311 0.341981 0.157285
4 0.609670 0.145695 0.120283 0.082781
4 0.705189 0.210265 0.153302 0.069536
4 0.534788 0.249172 0.159198 0.091060
4 0.524175 0.876656 0.527123 0.193709
4 0.217571 0.851821 0.161557 0.243377
4 0.068396 0.783113 0.117925 0.182119
4 0.331368 0.224338 0.094340 0.057947
4 0.278302 0.293046 0.070755 0.052980
4 0.370873 0.278974 0.090802 0.057947
4 0.356132 0.373344 0.073113 0.074503
4 0.284198 0.384106 0.058962 0.052980
4 0.266509 0.421358 0.070755 0.054636
4 0.333726 0.423841 0.058962 0.066225
4 0.385613 0.414735 0.049528 0.057947
4 0.350236 0.500000 0.120283 0.052980
4 0.304835 0.548013 0.088443 0.066225
4 0.391509 0.562086 0.084906 0.077815
4 0.935142 0.607616 0.134434 0.228477
4 0.939858 0.360927 0.120283 0.198675
4 0.923349 0.173013 0.117925 0.077815
4 0.952830 0.079470 0.099057 0.072848
4 0.945165 0.849338 0.114387 0.231788
4 0.267689 0.090232 0.132075 0.137417
4 0.405660 0.061258 0.132075 0.195364
4 0.178066 0.398179 0.058962 0.041391
4 0.136792 0.446192 0.047170 0.028146
4 0.181014 0.432119 0.041274 0.033113
4 0.192807 0.549669 0.053066 0.036424
4 0.127948 0.539735 0.053066 0.049669
4 0.148585 0.495861 0.070755 0.061258
4 0.104363 0.173013 0.112028 0.120861
4 0.106722 0.297185 0.041274 0.038079
4 0.164505 0.276490 0.043632 0.062914
4 0.177476 0.330298 0.041274 0.038079
4 0.137972 0.326159 0.033019 0.052980
4 0.102594 0.340232 0.044811 0.041391
