0 0.799528 0.663907 0.103774 0.178808
0 0.653302 0.812914 0.129717 0.195364
0 0.793632 0.920530 0.127358 0.178808
0 0.535377 0.932947 0.176887 0.110927
0 0.460495 0.883278 0.097877 0.110927
0 0.466392 0.754967 0.067217 0.129139
0 0.432193 0.750828 0.182783 0.144040
0 0.481132 0.600166 0.155660 0.173841
0 0.659788 0.529801 0.194575 0.132450
0 0.696344 0.399007 0.161557 0.069536
0 0.590212 0.353477 0.097877 0.153974
0 0.441038 0.336921 0.106132 0.077815
0 0.356132 0.274834 0.082547 0.102649
0 0.265920 0.297185 0.102594 0.124172
0 0.211675 0.364238 0.088443 0.099338
0 0.160967 0.440397 0.041274 0.062914
0 0.143278 0.535596 0.053066 0.061258
0 0.131486 0.600166 0.064858 0.091060
0 0.271816 0.597682 0.126179 0.112583
0 0.282429 0.485927 0.135613 0.087748
0 0.753538 0.285596 0.058962 0.107616
0 0.943986 0.181291 0.079009 0.124172
0 0.867335 0.283113 0.121462 0.119205
0 0.814269 0.404801 0.109670 0.091060
0 0.957547 0.363411 0.070755 0.091060
0 0.879127 0.148179 0.074292 0.074503
0 0.700472 0.144868 0.058962 0.074503
0 0.626769 0.216887 0.076651 0.102649
0 0.566627 0.239238 0.102594 0.091060
0 0.495873 0.277318 0.074292 0.074503
0 0.462264 0.200331 0.141509 0.079470
0 0.383844 0.196192 0.062500 0.077815
0 0.301297 0.168874 0.067217 0.066225
0 0.255307 0.146523 0.088443 0.054636
0 0.202830 0.190397 0.082547 0.066225
0 0.167453 0.254139 0.082547 0.104305
0 0.117335 0.291391 0.088443 0.079470
0 0.100825 0.375828 0.043632 0.066225
0 0.237618 0.938742 0.140330 0.122517
0 0.220519 0.790563 0.070755 0.074503
0 0.326061 0.734272 0.088443 0.120861
0 0.305425 0.822848 0.070755 0.082781
0 0.388561 0.876656 0.112028 0.124172
0 0.168632 0.698675 0.068396 0.066225
0 0.318986 0.411424 0.043632 0.061258
0 0.345519 0.326159 0.068396 0.066225
0 0.422170 0.088576 0.033019 0.038079
0 0.383844 0.106788 0.038915 0.041391
0 0.359080 0.100993 0.053066 0.046358
0 0.257075 0.084437 0.033019 0.046358
0 0.100825 0.229305 0.027123 0.038079
0 0.100825 0.187914 0.043632 0.044702
0 0.482311 0.432119 0.047170 0.062914
0 0.425118 0.475166 0.067217 0.082781
