4 0.623030 0.524007 0.172121 0.173841
4 0.844242 0.475166 0.238788 0.231788
4 0.797576 0.669702 0.193939 0.140728
4 0.609697 0.712748 0.278788 0.153974
4 0.627879 0.876656 0.278788 0.190397
4 0.896364 0.823675 0.185455 0.177152
4 0.321212 0.696192 0.266667 0.177152
4 0.324242 0.508278 0.224242 0.149007
4 0.310909 0.367550 0.136970 0.082781
4 0.477576 0.460265 0.130909 0.178808
4 0.695758 0.665563 0.567273 0.589404
4 0.116970 0.829470 0.190303 0.201987
4 0.315758 0.864238 0.187879 0.182119
4 0.116970 0.622517 0.136970 0.168874
4 0.052121 0.479305 0.084848 0.140728
4 0.155152 0.396523 0.121212 0.107616
4 0.139394 0.495861 0.060606 0.074503
