0 0.406667 0.468543 0.090909 0.129139
0 0.481212 0.644868 0.118788 0.157285
0 0.624848 0.648179 0.127273 0.157285
0 0.549697 0.482616 0.090909 0.157285
0 0.696364 0.487583 0.088485 0.140728
0 0.763030 0.652318 0.100606 0.165563
0 0.847879 0.799669 0.149091 0.162252
0 0.704242 0.817881 0.133333 0.165563
0 0.769091 0.959437 0.112727 0.124172
0 0.837576 0.493377 0.096970 0.152318
0 0.905455 0.677152 0.094545 0.149007
0 0.971515 0.820364 0.069091 0.127483
0 0.772121 0.352649 0.106667 0.178808
0 0.637576 0.317053 0.121212 0.157285
0 0.498182 0.301325 0.133333 0.165563
0 0.440000 0.126656 0.109091 0.124172
0 0.578182 0.152318 0.143030 0.165563
0 0.720606 0.166391 0.117576 0.160596
0 0.840606 0.181291 0.090909 0.173841
0 0.886061 0.338576 0.121212 0.157285
0 0.956364 0.509106 0.099394 0.144040
0 0.549697 0.828642 0.127273 0.137417
0 0.606667 0.956954 0.120000 0.119205
0 0.349697 0.284768 0.115152 0.149007
0 0.305455 0.137417 0.130909 0.135762
0 0.178182 0.220199 0.147879 0.152318
0 0.202424 0.373344 0.130909 0.153974
0 0.270909 0.512417 0.103030 0.124172
0 0.331515 0.687914 0.163636 0.177152
0 0.411515 0.812086 0.124848 0.144040
0 0.464848 0.969371 0.090909 0.094371
0 0.329697 0.977649 0.130909 0.071192
0 0.280000 0.842715 0.109091 0.115894
0 0.184242 0.711093 0.155152 0.140728
0 0.141818 0.519868 0.087273 0.132450
0 0.073939 0.352649 0.084848 0.112583
0 0.109697 0.052980 0.151515 0.099338
0 0.117576 0.850993 0.123636 0.099338
0 0.095152 0.845199 0.115152 0.104305
0 0.199394 0.942881 0.117576 0.091060
0 0.050909 0.673013 0.099394 0.140728
