0 0.533939 0.427152 0.200000 0.228477
0 0.743636 0.592715 0.236364 0.261589
0 0.632727 0.787252 0.215758 0.226821
0 0.290303 0.553808 0.221818 0.190397
0 0.099394 0.726821 0.184242 0.264901
0 0.346667 0.820364 0.230303 0.220199
0 0.884242 0.379139 0.197576 0.215232
0 0.649697 0.278146 0.193939 0.218543
0 0.376970 0.298841 0.181818 0.177152
0 0.278182 0.421358 0.190303 0.173841
0 0.143636 0.290563 0.115152 0.144040
0 0.506667 0.097682 0.145455 0.149007
0 0.793333 0.166391 0.250909 0.160596
0 0.873333 0.918046 0.163636 0.140728
0 0.903636 0.780629 0.212121 0.223510
0 0.117576 0.971854 0.196364 0.115894
0 0.032727 0.412252 0.099394 0.115894
0 0.069697 0.529801 0.178182 0.168874
0 0.221818 0.127483 0.133333 0.135762
0 0.062424 0.131623 0.105455 0.137417
