0 0.524450 0.680464 0.146699 0.162252
0 0.712714 0.720199 0.205379 0.198675
0 0.896088 0.585265 0.156479 0.127483
0 0.723105 0.524834 0.128362 0.099338
0 0.674205 0.591887 0.116137 0.107616
0 0.521394 0.531457 0.140587 0.119205
0 0.333741 0.504967 0.119804 0.066225
0 0.318460 0.560430 0.130807 0.120861
0 0.204156 0.593543 0.110024 0.094371
0 0.286064 0.647351 0.097800 0.086093
0 0.315403 0.740894 0.124694 0.107616
0 0.383863 0.854305 0.146699 0.152318
0 0.608802 0.927152 0.210269 0.149007
0 0.860636 0.908113 0.183374 0.127483
0 0.747555 0.473510 0.103912 0.112583
0 0.523227 0.442053 0.124694 0.033113
0 0.576406 0.481788 0.140587 0.096026
0 0.573961 0.351821 0.091687 0.107616
0 0.709658 0.376656 0.150367 0.057947
0 0.735330 0.299669 0.116137 0.062914
0 0.660758 0.285596 0.069682 0.074503
0 0.166870 0.461093 0.091687 0.104305
0 0.098411 0.643212 0.113692 0.127483
0 0.115526 0.539735 0.140587 0.069536
0 0.196210 0.818709 0.155257 0.157285
0 0.078240 0.754967 0.097800 0.112583
0 0.404034 0.435430 0.138142 0.145695
0 0.156479 0.350166 0.173594 0.124172
0 0.273839 0.239238 0.146699 0.107616
0 0.307457 0.348510 0.091687 0.110927
0 0.506724 0.304636 0.091687 0.115894
0 0.529340 0.228477 0.083130 0.102649
0 0.383863 0.259934 0.097800 0.082781
0 0.863692 0.302980 0.091687 0.102649
0 0.914425 0.485099 0.075795 0.069536
