0 0.362618 0.702815 0.206368 0.144040
0 0.540684 0.804636 0.133255 0.149007
0 0.766509 0.841060 0.176887 0.149007
0 0.685142 0.729305 0.155660 0.074503
0 0.668632 0.640728 0.176887 0.119205
0 0.790094 0.570364 0.141509 0.110927
0 0.583137 0.572020 0.159198 0.107616
0 0.438679 0.563742 0.129717 0.107616
0 0.211675 0.812086 0.159198 0.157285
0 0.205778 0.519040 0.123821 0.107616
0 0.334316 0.442053 0.086085 0.086093
0 0.280071 0.363411 0.112028 0.104305
0 0.170401 0.322020 0.076651 0.077815
0 0.425708 0.322020 0.132075 0.210265
0 0.343160 0.129967 0.261792 0.240066
0 0.859080 0.944536 0.185142 0.091060
0 0.897406 0.719371 0.127358 0.127483
