0 0.507665 0.464404 0.053066 0.087748
0 0.597288 0.471026 0.055425 0.074503
0 0.514741 0.367550 0.055425 0.082781
0 0.403892 0.466060 0.053066 0.074503
0 0.508844 0.576159 0.067217 0.079470
0 0.584316 0.567881 0.064858 0.062914
0 0.436910 0.580298 0.041274 0.087748
0 0.390920 0.576159 0.067217 0.079470
0 0.470519 0.533113 0.037736 0.049669
0 0.561910 0.509934 0.031840 0.062914
0 0.633844 0.559603 0.053066 0.052980
0 0.564858 0.406457 0.061321 0.094371
0 0.808373 0.350993 0.265330 0.281457
0 0.858491 0.714404 0.153302 0.173841
0 0.623821 0.797185 0.179245 0.140728
0 0.329009 0.915563 0.221698 0.152318
0 0.122642 0.552152 0.268868 0.309603
