1 0.438679 0.638245 0.141509 0.289735
1 0.524175 0.578642 0.182783 0.302980
1 0.607901 0.537252 0.126179 0.269868
1 0.681604 0.528974 0.108491 0.293046
1 0.435731 0.771523 0.265330 0.115894
1 0.336675 0.657285 0.244104 0.145695
1 0.285377 0.458609 0.176887 0.251656
1 0.264741 0.344371 0.064858 0.298013
1 0.313090 0.342715 0.067217 0.311258
1 0.370873 0.272351 0.100236 0.293046
1 0.436910 0.257450 0.097877 0.273179
1 0.485259 0.230960 0.053066 0.253311
1 0.554835 0.268212 0.050708 0.245033
1 0.668632 0.264073 0.141509 0.203642
1 0.429245 0.767384 0.259434 0.124172
1 0.304245 0.820364 0.139151 0.091060
