1 0.052410 0.399007 0.056627 0.099338
1 0.030120 0.501656 0.048193 0.115894
1 0.230120 0.905629 0.098795 0.062914
1 0.233133 0.839404 0.075904 0.069536
1 0.301205 0.835265 0.072289 0.087748
1 0.342771 0.839404 0.042169 0.079470
1 0.326506 0.955298 0.093976 0.086093
1 0.560241 0.715232 0.108434 0.168874
1 0.490361 0.868377 0.108434 0.144040
1 0.424096 0.822848 0.132530 0.178808
1 0.627711 0.932119 0.171084 0.165563
1 0.758434 0.836921 0.150602 0.140728
1 0.643976 0.785596 0.114458 0.120861
1 0.690964 0.653146 0.092771 0.137417
1 0.644578 0.605960 0.060241 0.099338
1 0.680723 0.552152 0.084337 0.091060
1 0.778313 0.679636 0.074699 0.124172
1 0.840361 0.704470 0.030120 0.074503
1 0.793373 0.611755 0.056627 0.077815
1 0.773494 0.555464 0.060241 0.091060
1 0.859639 0.578642 0.068675 0.110927
1 0.909036 0.653146 0.066265 0.071192
1 0.922892 0.766556 0.050602 0.099338
1 0.888554 0.894868 0.066265 0.140728
1 0.972289 0.692881 0.036145 0.091060
