1 0.386145 0.497517 0.184337 0.302980
1 0.560843 0.468543 0.063855 0.294702
1 0.636145 0.512417 0.062651 0.256623
1 0.720482 0.515728 0.074699 0.273179
1 0.810843 0.509934 0.093976 0.317881
1 0.551807 0.865894 0.057831 0.294702
1 0.634940 0.863411 0.084337 0.256623
1 0.717470 0.836921 0.124096 0.302980
1 0.465663 0.855960 0.078313 0.248344
1 0.504819 0.980132 0.000000 0.000000
1 0.360843 0.863411 0.126506 0.256623
1 0.281928 0.886589 0.096386 0.259934
1 0.197590 0.899007 0.108434 0.218543
1 0.818072 0.896523 0.065060 0.289735
1 0.898193 0.871689 0.092771 0.240066
1 0.901205 0.548841 0.069880 0.273179
1 0.971687 0.586093 0.059036 0.281457
1 0.928313 0.139901 0.068675 0.206954
1 0.816867 0.170530 0.086747 0.245033
1 0.753614 0.172185 0.087952 0.281457
1 0.668072 0.182947 0.078313 0.309603
1 0.560843 0.145695 0.100000 0.251656
1 0.513855 0.193709 0.114458 0.281457
1 0.440361 0.181291 0.075904 0.223510
1 0.372892 0.174669 0.090361 0.269868
1 0.286747 0.126656 0.146988 0.240066
1 0.223494 0.195364 0.104819 0.278146
1 0.163253 0.206126 0.124096 0.273179
1 0.074699 0.144040 0.072289 0.248344
1 0.036747 0.570364 0.063855 0.306291
1 0.106024 0.553808 0.081928 0.289735
1 0.186145 0.530629 0.102410 0.276490
1 0.215663 0.406457 0.120482 0.177152
1 0.048795 0.878311 0.087952 0.203642
1 0.083133 0.766556 0.108434 0.112583
