1 0.345783 0.927980 0.180723 0.104305
1 0.396988 0.830298 0.150602 0.107616
1 0.443373 0.784768 0.142169 0.099338
1 0.464458 0.711093 0.116867 0.091060
1 0.550602 0.668874 0.120482 0.115894
1 0.386145 0.629967 0.112048 0.077815
1 0.318675 0.654801 0.102410 0.087748
1 0.277711 0.737583 0.087952 0.127483
1 0.206627 0.778974 0.090361 0.137417
1 0.133133 0.849338 0.116867 0.129139
1 0.603012 0.965232 0.148193 0.062914
1 0.914458 0.950331 0.132530 0.082781
1 0.936145 0.851821 0.108434 0.074503
1 0.946386 0.766556 0.104819 0.052980
1 0.947590 0.687914 0.102410 0.077815
1 0.943373 0.635762 0.093976 0.066225
