0 0.485542 0.824503 0.110843 0.119205
0 0.711446 0.257450 0.063855 0.061258
0 0.615060 0.201987 0.075904 0.066225
0 0.542771 0.203642 0.051807 0.052980
0 0.615060 0.134934 0.044578 0.057947
0 0.735542 0.145695 0.051807 0.062914
0 0.780723 0.264073 0.038554 0.057947
0 0.900000 0.375828 0.072289 0.066225
0 0.911446 0.447848 0.090361 0.104305
0 0.837952 0.475166 0.051807 0.082781
0 0.772892 0.379967 0.054217 0.074503
0 0.578916 0.286424 0.056627 0.079470
0 0.639157 0.290563 0.063855 0.054636
0 0.825904 0.197020 0.056627 0.049669
0 0.916265 0.243377 0.063855 0.082781
0 0.927108 0.187086 0.066265 0.052980
0 0.971687 0.173013 0.030120 0.057947
0 0.972289 0.466060 0.036145 0.074503
0 0.734337 0.327815 0.090361 0.062914
0 0.350000 0.234272 0.100000 0.057947
0 0.081928 0.207781 0.069880 0.054636
0 0.205422 0.387417 0.345783 0.430464
0 0.346988 0.634106 0.291566 0.466887
0 0.354819 0.868377 0.114458 0.091060
0 0.642169 0.687914 0.142169 0.120861
0 0.501807 0.702815 0.126506 0.091060
0 0.562048 0.595199 0.102410 0.091060
0 0.668072 0.127483 0.054217 0.066225
0 0.533735 0.145695 0.057831 0.062914
