0 0.827830 0.772351 0.318396 0.372517
0 0.702241 0.501656 0.239387 0.235099
0 0.626769 0.333609 0.229953 0.223510
0 0.545991 0.151490 0.167453 0.157285
0 0.831958 0.193709 0.208726 0.298013
0 0.951061 0.380795 0.159198 0.301325
0 0.442807 0.896523 0.350236 0.273179
0 0.416274 0.631623 0.285377 0.190397
0 0.389741 0.464404 0.286557 0.259934
0 0.341392 0.269868 0.206368 0.178808
0 0.323113 0.120861 0.224057 0.162252
0 0.106722 0.098510 0.180425 0.107616
0 0.196934 0.152318 0.000000 0.000000
0 0.104953 0.214404 0.188679 0.124172
0 0.118514 0.330298 0.196934 0.124172
0 0.121462 0.512417 0.202830 0.273179
0 0.124410 0.725166 0.232311 0.327815
0 0.106722 0.927980 0.196934 0.170530
