0 0.315448 0.421227 0.192217 0.212272
0 0.379127 0.665837 0.218160 0.227197
0 0.688679 0.769486 0.271226 0.185738
0 0.446934 0.887231 0.224057 0.182421
0 0.738208 0.942786 0.235849 0.144279
0 0.925708 0.820896 0.191038 0.222222
0 0.903302 0.603648 0.165094 0.179104
0 0.890330 0.398010 0.139151 0.182421
0 0.541274 0.280265 0.153302 0.145937
0 0.339033 0.208126 0.239387 0.157546
0 0.106132 0.316750 0.214623 0.175788
0 0.106132 0.555556 0.214623 0.215589
0 0.123821 0.791874 0.198113 0.240464
0 0.091392 0.107794 0.173349 0.182421
0 0.301297 0.038143 0.248821 0.132670
0 0.531840 0.106136 0.224057 0.152570
0 0.715212 0.035655 0.211085 0.121061
0 0.915094 0.106136 0.141509 0.162521
0 0.958137 0.265340 0.086085 0.099502
0 0.215212 0.966833 0.149764 0.049751
