0 0.465802 0.613599 0.120283 0.132670
0 0.383255 0.408789 0.061321 0.077944
0 0.297759 0.485904 0.062500 0.099502
0 0.321344 0.597015 0.086085 0.116086
0 0.318396 0.709784 0.084906 0.165837
0 0.162146 0.784411 0.031840 0.066335
0 0.595519 0.465174 0.025943 0.041459
0 0.471698 0.291045 0.174528 0.157546
0 0.285967 0.241294 0.031840 0.084577
0 0.288915 0.295191 0.202830 0.132670
0 0.265330 0.466833 0.044811 0.011609
0 0.257665 0.676617 0.076651 0.149254
0 0.306604 0.752902 0.167453 0.112769
0 0.691038 0.736318 0.070755 0.086235
0 0.825472 0.794362 0.080189 0.202322
0 0.884434 0.759536 0.021226 0.000000
0 0.847877 0.585406 0.129717 0.132670
0 0.865566 0.576285 0.176887 0.174129
0 0.616156 0.371476 0.003538 0.036484
0 0.705778 0.682421 0.053066 0.094527
0 0.620873 0.564677 0.112028 0.174129
0 0.623231 0.429519 0.135613 0.046434
0 0.816627 0.436153 0.020047 0.099502
0 0.725236 0.216418 0.061321 0.091211
0 0.814858 0.233002 0.153302 0.091211
0 0.824292 0.222222 0.129717 0.096186
0 0.582547 0.125207 0.117925 0.024876
0 0.359670 0.089552 0.080189 0.013267
0 0.204599 0.120232 0.076651 0.041459
0 0.083726 0.266169 0.047170 0.091211
0 0.067807 0.506633 0.008255 0.107794
0 0.114976 0.736318 0.067217 0.112769
0 0.241745 0.863184 0.091981 0.041459
0 0.546580 0.887231 0.194575 0.016584
0 0.818396 0.864842 0.082547 0.038143
0 0.729363 0.719735 0.206368 0.129353
0 0.436321 0.549751 0.150943 0.094527
0 0.219340 0.383914 0.058962 0.071310
0 0.141509 0.277778 0.037736 0.058043
0 0.499410 0.481758 0.961085 0.870647
