1 0.728673 0.630182 0.082938 0.033167
1 0.720972 0.656716 0.086493 0.046434
1 0.720972 0.662521 0.086493 0.041459
1 0.728081 0.681592 0.100711 0.019900
1 0.716825 0.710614 0.071090 0.038143
1 0.734005 0.739635 0.065166 0.063018
1 0.779028 0.724710 0.041469 0.099502
1 0.745853 0.703980 0.077014 0.041459
1 0.469194 0.913765 0.092417 0.086235
1 0.559834 0.938640 0.100711 0.069652
1 0.642180 0.901327 0.106635 0.127695
1 0.640995 0.920398 0.056872 0.099502
1 0.689573 0.837479 0.035545 0.099502
1 0.292654 0.923715 0.106635 0.082919
