3 0.498815 0.754561 0.210900 0.215589
3 0.669431 0.662521 0.130332 0.190713
3 0.291469 0.656716 0.151659 0.218905
3 0.205569 0.733002 0.181280 0.182421
3 0.848341 0.381426 0.151659 0.116086
3 0.866114 0.660862 0.116114 0.077944
3 0.787322 0.604478 0.136256 0.058043
3 0.658768 0.518242 0.127962 0.091211
3 0.591825 0.432836 0.077014 0.145937
3 0.669431 0.345771 0.142180 0.071310
3 0.752370 0.312604 0.154028 0.071310
3 0.646919 0.177446 0.073460 0.132670
3 0.611374 0.275290 0.132701 0.086235
3 0.476303 0.231343 0.106635 0.041459
3 0.367299 0.177446 0.047393 0.182421
3 0.288507 0.184080 0.079384 0.119403
3 0.549171 0.173300 0.098341 0.058043
