3 0.697275 0.403814 0.126777 0.253731
3 0.869076 0.372305 0.110190 0.323383
3 0.723934 0.870647 0.151659 0.248756
3 0.912322 0.824212 0.142180 0.315091
3 0.609597 0.776949 0.065166 0.270315
3 0.352488 0.716418 0.148104 0.165837
3 0.278436 0.799337 0.000000 0.000000
3 0.452607 0.768657 0.094787 0.270315
3 0.137441 0.702322 0.120853 0.160862
3 0.371445 0.372305 0.174171 0.174129
3 0.115521 0.438640 0.100711 0.157546
3 0.229265 0.424544 0.145735 0.179104
3 0.585900 0.412106 0.112559 0.243781
3 0.245261 0.434494 0.059242 0.165837
3 0.116706 0.120232 0.074645 0.157546
3 0.168246 0.090381 0.059242 0.124378
3 0.205569 0.088723 0.067536 0.154229
3 0.260664 0.082919 0.106635 0.149254
3 0.328199 0.069652 0.106635 0.116086
3 0.390995 0.078773 0.130332 0.157546
3 0.415877 0.059701 0.073460 0.119403
3 0.577014 0.059701 0.071090 0.112769
3 0.645142 0.048093 0.053318 0.102819
3 0.735782 0.041459 0.037915 0.066335
3 1.003555 0.322148 0.011848 0.003356
