1 0.285714 0.378311 0.164440 0.355960
1 0.301644 0.649834 0.313464 0.210265
1 0.600719 0.612583 0.218911 0.278146
1 0.757451 0.647351 0.084275 0.231788
1 0.869476 0.672185 0.133607 0.198675
1 0.892086 0.506623 0.143885 0.281457
1 0.856115 0.451159 0.102775 0.170530
1 0.792395 0.339404 0.143885 0.069536
1 0.711202 0.293874 0.049332 0.220199
1 0.148510 0.519040 0.130524 0.372517
1 0.120247 0.331126 0.187050 0.301325
1 0.152621 0.212748 0.056526 0.107616
1 0.062179 0.519040 0.087359 0.322848
1 0.545735 0.225166 0.030832 0.115894
0 0.391572 0.393212 0.174717 0.253311
0 0.577595 0.384934 0.182939 0.253311
