0 0.289825 0.658940 0.002055 0.000000
0 0.286228 0.679636 0.200411 0.200331
0 0.403905 0.628311 0.143885 0.170530
0 0.521069 0.582781 0.115108 0.145695
0 0.570915 0.534768 0.138746 0.142384
0 0.104830 0.770695 0.115108 0.250000
0 0.099692 0.519868 0.069887 0.119205
0 0.391572 0.460265 0.205550 0.115894
0 0.258993 0.534768 0.115108 0.099338
0 0.528777 0.433775 0.068859 0.112583
0 0.685509 0.225993 0.115108 0.177152
0 0.790853 0.254967 0.058582 0.112583
0 0.937307 0.228477 0.063720 0.099338
0 0.666495 0.535596 0.056526 0.074503
0 0.715313 0.487583 0.051387 0.061258
