0 0.372396 0.792184 0.356771 0.408189
0 0.811198 0.803970 0.299479 0.347395
0 0.569336 0.722705 0.067057 0.031017
0 0.452148 0.771092 0.030599 0.028536
0 0.364258 0.817618 0.030599 0.022333
0 0.279622 0.862283 0.037109 0.012407
0 0.181966 0.854839 0.001953 0.009926
0 0.277018 0.743176 0.055339 0.034739
0 0.353841 0.679280 0.035807 0.018610
0 0.416992 0.736973 0.048828 0.121588
0 0.491862 0.857940 0.009766 0.028536
0 0.335938 0.852978 0.078125 0.018610
0 0.287760 0.774194 0.070312 0.138958
0 0.424479 0.797767 0.059896 0.111663
0 0.428385 0.790943 0.117188 0.192308
0 0.255208 0.837469 0.066406 0.062035
0 0.254557 0.754342 0.065104 0.111663
0 0.438151 0.780397 0.078125 0.084367
0 0.540690 0.705955 0.055339 0.126551
0 0.624674 0.732010 0.014974 0.062035
0 0.594401 0.736973 0.078125 0.158809
0 0.503255 0.878412 0.039062 0.086849
0 0.403971 0.897022 0.048828 0.099256
0 0.305664 0.946650 0.037109 0.049628
0 0.247070 0.902605 0.047526 0.093052
0 0.175456 0.957196 0.024089 0.016129
0 0.116862 0.899504 0.027995 0.062035
0 0.056641 0.941687 0.020833 0.034739
0 0.051758 0.893921 0.024089 0.043424
0 0.115234 0.927419 0.011719 0.043424
0 0.138672 0.821960 0.019531 0.006203
0 0.200521 0.918114 0.026042 0.012407
0 0.172852 0.776055 0.035807 0.055831
0 0.068034 0.732010 0.063151 0.074442
0 0.044271 0.683002 0.052083 0.117866
0 0.119141 0.595533 0.000000 0.000000
0 0.032227 0.600496 0.063151 0.002481
0 0.148438 0.616005 0.046875 0.102978
0 0.076172 0.701613 0.019531 0.031017
0 0.058268 0.645161 0.003255 0.037221
0 0.063151 0.696650 0.019531 0.053350
0 0.104492 0.631514 0.017578 0.089330
0 0.072591 0.718362 0.003255 0.027295
0 0.031250 0.632754 0.053385 0.062035
0 0.028320 0.608561 0.050130 0.080645
0 0.063151 0.588089 0.000000 0.071960
0 0.068034 0.583747 0.009766 0.093052
0 0.078776 0.549007 0.001302 0.055831
0 0.114583 0.571340 0.024740 0.043424
0 0.089193 0.566377 0.019531 0.033499
0 0.719076 0.724566 0.029297 0.059553
0 0.777669 0.774194 0.055339 0.101737
0 0.838867 0.842432 0.102214 0.101737
0 0.959310 0.908809 0.063151 0.006203
0 0.916016 0.785360 0.078125 0.124069
0 0.834961 0.745037 0.061849 0.068238
0 0.723307 0.888958 0.072917 0.045906
0 0.696615 0.949752 0.091146 0.031017
0 0.834961 0.897022 0.068359 0.136476
0 0.857747 0.789702 0.094401 0.053350
0 0.754232 0.802109 0.069661 0.127792
0 0.708659 0.833127 0.067057 0.152605
0 0.795573 0.820720 0.058594 0.140199
0 0.898438 0.836228 0.084635 0.126551
0 0.872396 0.782258 0.143229 0.006203
0 0.731445 0.808313 0.063151 0.165012
0 0.707031 0.850496 0.063802 0.117866
0 0.795898 0.837469 0.016276 0.148883
0 0.854492 0.896402 0.100911 0.043424
0 0.935547 0.921216 0.026042 0.130273
0 0.916016 0.946030 0.071615 0.093052
0 0.831380 0.902605 0.052083 0.080645
0 0.764648 0.767990 0.016276 0.096774
0 0.802083 0.696650 0.032552 0.040943
0 0.882812 0.676799 0.020833 0.018610
0 0.902995 0.691687 0.013021 0.055831
0 0.804688 0.647022 0.020833 0.033499
0 0.731445 0.693548 0.073568 0.133995
0 0.656576 0.715261 0.011068 0.033499
0 0.710286 0.689206 0.059896 0.080645
0 0.570964 0.218983 0.247396 0.281638
0 0.516602 0.474566 0.291016 0.241935
0 0.854492 0.529156 0.289714 0.326303
0 0.863607 0.251241 0.236328 0.328784
0 0.166016 0.189826 0.312500 0.285360
0 0.162760 0.436104 0.260417 0.219603
