4 0.454427 0.693548 0.480469 0.436725
4 0.482096 0.324442 0.284505 0.269231
4 0.455078 0.063896 0.026042 0.083127
4 0.424479 0.042804 0.015625 0.095533
4 0.405599 0.057692 0.031250 0.070720
4 0.380208 0.044045 0.026042 0.080645
4 0.355143 0.073201 0.060547 0.084367
4 0.486328 0.049628 0.019531 0.062035
4 0.511393 0.068859 0.027995 0.080645
4 0.529297 0.060794 0.027344 0.064516
4 0.556966 0.068859 0.041016 0.080645
4 0.586263 0.070099 0.027995 0.065757
4 0.609049 0.083747 0.024089 0.068238
4 0.639974 0.066998 0.031250 0.071960
4 0.243490 0.372829 0.058594 0.093052
4 0.118490 0.172457 0.091146 0.096774
4 0.189779 0.176799 0.055339 0.080645
4 0.237956 0.166253 0.076172 0.076923
