0 0.540039 0.192308 0.120443 0.161290
0 0.633464 0.236352 0.105469 0.142680
0 0.728516 0.223325 0.091146 0.099256
0 0.801107 0.237593 0.080078 0.120347
0 0.834310 0.218983 0.048828 0.095533
0 0.753255 0.233251 0.065104 0.124069
0 0.640951 0.341191 0.094401 0.012407
0 0.669271 0.316377 0.111979 0.086849
0 0.705078 0.334988 0.118490 0.124069
0 0.527669 0.330645 0.095703 0.095533
0 0.569336 0.715261 0.107422 0.182382
0 0.643229 0.687345 0.083333 0.133995
0 0.712565 0.642060 0.133464 0.179901
0 0.766276 0.575682 0.097656 0.126551
0 0.827799 0.614144 0.048828 0.124069
0 0.842448 0.657568 0.078125 0.099256
0 0.814128 0.763648 0.089193 0.093052
0 0.689779 0.758685 0.120443 0.140199
0 0.691081 0.874690 0.113932 0.148883
0 0.805339 0.868486 0.052083 0.074442
0 0.893880 0.834367 0.089844 0.117866
0 0.980469 0.756824 0.037760 0.086849
0 0.910807 0.670596 0.053385 0.117866
0 0.889648 0.614764 0.060547 0.068238
0 0.480143 0.877792 0.048828 0.117866
0 0.424154 0.776055 0.056641 0.130273
0 0.503906 0.795906 0.109375 0.107940
0 0.446940 0.704094 0.082682 0.117866
0 0.624349 0.954094 0.066406 0.089330
0 0.828451 0.957196 0.113932 0.070720
0 0.904297 0.944789 0.063802 0.070720
0 0.743815 0.941687 0.074870 0.089330
0 0.696940 0.966501 0.087891 0.064516
0 0.576497 0.923697 0.035807 0.102978
0 0.552734 0.952854 0.085938 0.086849
0 0.589518 0.559553 0.081380 0.086849
0 0.507161 0.614764 0.083333 0.068238
0 0.533854 0.650744 0.097656 0.127792
0 0.429036 0.221464 0.046875 0.093052
0 0.621094 0.362283 0.059896 0.114144
0 0.595052 0.114144 0.027344 0.022333
0 0.803385 0.154467 0.057292 0.102978
0 0.889648 0.304591 0.054036 0.080645
0 0.809245 0.332506 0.071615 0.111663
0 0.783203 0.264888 0.065104 0.093052
0 0.914062 0.228908 0.063802 0.078164
0 0.717122 0.134615 0.047526 0.055831
0 0.761719 0.127792 0.039062 0.086849
0 0.694336 0.163772 0.060547 0.109181
0 0.652669 0.209057 0.087891 0.080645
0 0.616862 0.289702 0.074870 0.117866
0 0.900065 0.243176 0.061849 0.099256
