1 0.262695 0.390819 0.216797 0.245658
1 0.265951 0.550868 0.173828 0.136476
1 0.162760 0.480769 0.208333 0.227047
1 0.244792 0.632754 0.177083 0.126551
1 0.250651 0.640199 0.221354 0.148883
1 0.308919 0.809553 0.172526 0.202233
1 0.463867 0.684243 0.231120 0.055831
1 0.474935 0.687345 0.289714 0.186104
1 0.638672 0.668734 0.105469 0.272953
1 0.541992 0.426799 0.250651 0.248139
1 0.553385 0.345533 0.240885 0.204715
1 0.552409 0.207816 0.232422 0.251861
1 0.560547 0.183002 0.222656 0.194789
1 0.622396 0.147643 0.203125 0.223325
1 0.678711 0.117866 0.120443 0.121588
1 0.691406 0.125310 0.195312 0.248139
1 0.458008 0.254342 0.089193 0.176179
1 0.434570 0.355459 0.146484 0.179901
1 0.842773 0.506824 0.146484 0.068238
1 0.893555 0.524194 0.146484 0.115385
1 0.886068 0.637097 0.194010 0.142680
1 0.857422 0.696650 0.149740 0.155087
1 0.769857 0.741315 0.126953 0.232010
1 0.632161 0.754963 0.207031 0.229529
