1 0.706706 0.921836 0.090495 0.151365
1 0.735352 0.901985 0.112630 0.086849
1 0.769531 0.895782 0.131510 0.086849
1 0.903971 0.941067 0.113932 0.095533
1 0.928060 0.908189 0.113932 0.099256
1 0.942057 0.887097 0.092448 0.062035
1 0.820964 0.826303 0.123698 0.096774
1 0.818359 0.776675 0.033854 0.071960
1 0.845378 0.789082 0.042318 0.089330
1 0.963867 0.844913 0.048828 0.071960
1 0.985026 0.844913 0.026042 0.064516
1 0.879883 0.851117 0.043620 0.084367
1 0.791992 0.761166 0.037109 0.132754
1 0.820312 0.711538 0.045573 0.107940
1 0.879883 0.681762 0.082682 0.068238
1 0.883138 0.719603 0.089193 0.062035
1 0.888997 0.754963 0.068359 0.065757
1 0.941732 0.799628 0.073568 0.031017
1 0.951497 0.748759 0.076172 0.040943
1 0.983073 0.754963 0.032552 0.045906
