1 0.313802 0.503102 0.079427 0.095533
1 0.386393 0.396402 0.068359 0.080645
1 0.473958 0.346154 0.061198 0.062035
1 0.480469 0.441067 0.058594 0.083127
1 0.500977 0.541563 0.093099 0.105459
1 0.568359 0.459677 0.065104 0.070720
1 0.535156 0.385236 0.027344 0.058313
1 0.646484 0.417494 0.058594 0.073201
1 0.635091 0.509305 0.068359 0.115385
1 0.573242 0.563275 0.033203 0.037221
1 0.683919 0.562035 0.085286 0.121588
1 0.743490 0.560174 0.024740 0.080645
1 0.763672 0.630273 0.071615 0.084367
1 0.692057 0.728288 0.052083 0.099256
1 0.586589 0.701613 0.123698 0.107940
